1,1,1,2,1,3,1,4,1,5,8
1,1,1,2,1,3,1,4,1,6,5
1,1,1,2,1,3,1,4,1,7,5
1,1,1,2,1,3,1,4,1,8,5
1,1,1,2,1,3,1,4,1,9,5
1,1,1,2,1,3,1,4,1,10,5
1,1,1,2,1,3,1,4,1,11,5
1,1,1,2,1,3,1,4,1,12,5
1,1,1,2,1,3,1,4,1,13,5
1,1,1,2,1,3,1,4,2,1,1
1,1,1,2,1,3,1,4,2,2,1
1,1,1,2,1,3,1,4,2,3,1
1,1,1,2,1,3,1,4,2,4,1
1,1,1,2,1,3,1,4,2,5,4
1,1,1,2,1,3,1,4,2,6,0
1,1,1,2,1,3,1,4,2,7,0
1,1,1,2,1,3,1,4,2,8,0
1,1,1,2,1,3,1,4,2,9,0
1,1,1,2,1,3,1,4,2,10,0
1,1,1,2,1,3,1,4,2,11,0
1,1,1,2,1,3,1,4,2,12,0
1,1,1,2,1,3,1,4,2,13,0
1,1,1,2,1,3,1,4,3,1,1
1,1,1,2,1,3,1,4,3,2,1
1,1,1,2,1,3,1,4,3,3,1
1,1,1,2,1,3,1,4,3,4,1
1,1,1,2,1,3,1,4,3,5,4
1,1,1,2,1,3,1,4,3,6,0
1,1,1,2,1,3,1,4,3,7,0
1,1,1,2,1,3,1,4,3,8,0
1,1,1,2,1,3,1,4,3,9,0
1,1,1,2,1,3,1,4,3,10,0
1,1,1,2,1,3,1,4,3,11,0
1,1,1,2,1,3,1,4,3,12,0
1,1,1,2,1,3,1,4,3,13,0
1,1,1,2,1,3,1,4,4,1,1
1,1,1,2,1,3,1,4,4,2,1
1,1,1,2,1,3,1,4,4,3,1
1,1,1,2,1,3,1,4,4,4,1
1,1,1,2,1,3,1,4,4,5,4
1,1,1,2,1,3,1,4,4,6,0
1,1,1,2,1,3,1,4,4,7,0
1,1,1,2,1,3,1,4,4,8,0
1,1,1,2,1,3,1,4,4,9,0
1,1,1,2,1,3,1,4,4,10,0
1,1,1,2,1,3,1,4,4,11,0
1,1,1,2,1,3,1,4,4,12,0
1,1,1,2,1,3,1,4,4,13,0
1,1,1,2,1,3,1,5,1,4,8
1,1,1,2,1,3,1,5,1,6,5
1,1,1,2,1,3,1,5,1,7,5
1,1,1,2,1,3,1,5,1,8,5
1,1,1,2,1,3,1,5,1,9,5
1,1,1,2,1,3,1,5,1,10,5
1,1,1,2,1,3,1,5,1,11,5
1,1,1,2,1,3,1,5,1,12,5
1,1,1,2,1,3,1,5,1,13,5
1,1,1,2,1,3,1,5,2,1,1
1,1,1,2,1,3,1,5,2,2,1
1,1,1,2,1,3,1,5,2,3,1
1,1,1,2,1,3,1,5,2,4,4
1,1,1,2,1,3,1,5,2,5,1
1,1,1,2,1,3,1,5,2,6,0
1,1,1,2,1,3,1,5,2,7,0
1,1,1,2,1,3,1,5,2,8,0
1,1,1,2,1,3,1,5,2,9,0
1,1,1,2,1,3,1,5,2,10,0
1,1,1,2,1,3,1,5,2,11,0
1,1,1,2,1,3,1,5,2,12,0
1,1,1,2,1,3,1,5,2,13,0
1,1,1,2,1,3,1,5,3,1,1
1,1,1,2,1,3,1,5,3,2,1
1,1,1,2,1,3,1,5,3,3,1
1,1,1,2,1,3,1,5,3,4,4
1,1,1,2,1,3,1,5,3,5,1
1,1,1,2,1,3,1,5,3,6,0
1,1,1,2,1,3,1,5,3,7,0
1,1,1,2,1,3,1,5,3,8,0
1,1,1,2,1,3,1,5,3,9,0
1,1,1,2,1,3,1,5,3,10,0
1,1,1,2,1,3,1,5,3,11,0
1,1,1,2,1,3,1,5,3,12,0
1,1,1,2,1,3,1,5,3,13,0
1,1,1,2,1,3,1,5,4,1,1
1,1,1,2,1,3,1,5,4,2,1
1,1,1,2,1,3,1,5,4,3,1
1,1,1,2,1,3,1,5,4,4,4
1,1,1,2,1,3,1,5,4,5,1
1,1,1,2,1,3,1,5,4,6,0
1,1,1,2,1,3,1,5,4,7,0
1,1,1,2,1,3,1,5,4,8,0
1,1,1,2,1,3,1,5,4,9,0
1,1,1,2,1,3,1,5,4,10,0
1,1,1,2,1,3,1,5,4,11,0
1,1,1,2,1,3,1,5,4,12,0
1,1,1,2,1,3,1,5,4,13,0
1,1,1,2,1,3,1,6,1,4,5
1,1,1,2,1,3,1,6,1,5,5
1,1,1,2,1,3,1,6,1,7,5
