1
10
100
1001
1002
1004
1006
1007
1008
1009
101
1010
1011
1012
1014
1015
1016
1017
1018
102
1020
1021
1022
1023
1024
1025
1026
1027
1028
1029
103
1030
1031
1032
1033
1034
1035
1036
1037
1038
1039
104
1040
1041
1042
1043
1044
1046
1047
1048
1049
105
1050
1051
1052
1053
1054
1056
1057
1058
1059
106
1060
1061
1062
1063
1064
1065
1066
1067
1068
1069
107
1070
1071
1072
1073
1074
1075
1076
1077
1078
1079
108
1080
1081
1082
1083
1084
1085
1086
1087
1088
1089
109
1090
1092
1093
1094
1095
1096
1097
1098
11
110
1103
1104
1105
1106
1107
1109
111
1110
1111
1112
1113
1114
1115
1116
1117
1118
1119
112
1120
1121
1123
1124
1125
1126
113
1130
1131
1133
1134
1135
1136
1137
114
1141
1142
1143
1144
1145
1146
1147
1148
1149
115
1150
1151
1153
1154
1155
1156
1157
1158
1159
116
1161
1162
1163
1164
1165
1166
1167
1168
1169
117
1170
1171
1172
1174
1175
1176
1177
1178
1179
118
1181
1182
1183
1184
1186
1187
1188
1189
119
1192
1193
1194
1195
1198
1199
12
120
1201
1202
1204
1205
1206
1208
1209
121
1210
1211
1212
1213
1214
1215
1216
1217
1218
1219
122
1220
1221
1222
1223
1224
1226
1228
1229
123
1230
1231
1232
1233
1234
1235
1236
1237
1238
1239
124
1240
1241
1242
1243
1244
1245
1247
1249
125
1250
1253
1254
1255
1256
1257
1258
126
1261
1262
1264
1265
1266
1267
1268
1269
127
1270
1271
1272
1275
1276
1277
1278
1279
128
1280
1282
1285
1286
1287
1288
1289
129
1290
1291
1292
1293
1295
1296
1297
1298
130
1300
1303
1304
1305
1306
1307
1308
1309
131
1311
1312
1314
1315
1317
1318
1319
132
1320
1322
1324
1326
1327
1328
1329
133
1330
1331
1332
1333
1337
1338
1339
134
1340
1341
1342
1343
1348
135
1350
1353
1355
1359
136
1361
1362
1364
1369
137
1371
1372
1376
1377
138
1383
1384
1385
1389
139
1390
1393
1394
1395
1396
1397
1398
1399
14
140
1400
1401
1402
1403
1404
1405
1406
1407
1408
1409
141
1410
1411
1412
1413
1414
1415
1416
1417
1418
142
1420
1421
1422
1423
1424
1425
1426
1427
1428
1429
143
1430
1431
1432
1433
1434
1435
1436
1438
1439
144
1440
1441
1442
1443
1445
1446
1447
1448
1449
145
1450
1451
1453
1454
1455
1456
1457
1458
1459
146
1460
1461
1462
1463
1464
1465
1466
1467
1468
147
1470
1471
1472
1473
1474
1475
1476
1477
1478
1479
148
1480
1481
1482
1483
1484
1485
1486
1487
1488
1489
149
1490
1491
1492
1493
1494
1496
1497
1498
15
150
1500
1502
1503
1504
1505
1506
1507
1508
1509
151
1510
1511
1512
1513
1514
1515
1516
1517
1518
1519
152
1521
1522
1524
1525
1526
1527
1528
1529
153
1530
1531
1532
1534
1536
1538
154
1540
1541
1542
1543
1545
1546
1547
1548
1549
155
1550
1551
1552
1553
1554
1556
1558
156
1560
1561
1565
1566
1567
1568
157
1570
1573
1574
1575
1576
1577
1578
1579
158
1580
1582
1583
1585
1586
1587
1589
159
1590
1593
1594
1596
1597
1598
1599
16
160
1600
1601
1602
1603
1604
1605
1606
1607
1608
1609
161
1610
1611
1613
1614
1616
1617
1618
162
1621
1622
1623
1624
1625
1626
1628
1629
163
1630
1631
1632
1633
1635
1636
1637
1638
1639
164
1640
1642
1646
1647
1648
1649
165
1650
1651
1653
1654
1655
1656
1658
1659
166
1660
1661
1662
1663
1665
1666
1667
1668
1669
167
1670
1671
1673
1674
1675
1677
1678
1679
168
1680
1681
1682
1683
1684
1685
1686
1687
1688
1689
169
1690
1691
1693
1695
1696
1697
1698
17
170
1700
1701
1702
1704
1705
1706
1708
1709
171
1710
1712
172
1720
1721
1722
1729
173
1731
1733
1735
1737
1739
174
1743
1744
1745
1746
1747
175
1752
1754
1756
1758
1759
176
1760
1763
1764
1765
1766
1768
1769
177
1772
1773
1774
1776
1779
178
1781
1783
1784
1785
1787
1789
179
1792
18
180
1800
1802
1803
1804
1806
1809
181
1810
1811
1812
1813
1815
1817
1819
182
1827
1828
183
1830
1835
1837
1838
184
1842
1843
1844
1845
1847
1849
185
1850
1852
1853
1854
1855
1856
1858
1859
186
1860
1862
1863
1865
1866
1867
187
1870
1873
1876
188
1880
1881
1884
1885
1886
1887
1890
1897
19
190
1904
1907
191
1910
1912
1915
1916
1917
1918
1919
192
1921
1922
1924
1925
1926
1927
1928
1929
193
1930
1931
1932
1933
1936
1937
1938
1939
194
1940
1942
1943
1944
1945
1947
1948
1949
195
1950
1951
1953
1956
1957
1959
196
1960
1961
1965
1968
1969
197
1972
1973
1975
1976
1977
1978
198
1980
1981
1984
1986
1987
1988
199
1997
1999
2
20
200
2004
2005
2006
2007
2009
201
2010
2011
2013
2014
2015
2018
2019
202
2020
2021
2022
2023
2024
2025
2026
2027
2028
2029
203
2030
2031
2032
2033
2034
2035
2036
2037
2038
2039
204
2040
2041
2042
2043
2044
2045
2046
2047
2048
2049
205
2050
2051
2054
206
2064
2067
207
2071
2072
2073
208
2080
2081
2082
2083
2087
2089
209
2091
2092
2093
2094
2095
2096
2097
2099
21
210
2101
2103
2104
2105
2108
2109
211
2110
2111
2112
2113
2114
2115
2116
2117
2118
2119
212
2120
2121
2122
2123
2124
2125
2126
2127
2128
2129
213
2130
2131
2132
2133
2134
2135
2136
2137
2138
2139
214
2140
2141
2142
2143
2144
215
2151
2153
2157
2158
216
2160
2161
2162
2163
2164
2165
2166
2167
2168
2169
217
2170
2171
2172
2173
2174
2175
2176
2177
2178
2179
218
2180
2181
2182
2183
2184
2185
2186
2187
2188
2189
219
2191
2192
2193
2194
2195
2196
2197
2199
22
220
2200
2201
2202
2203
2205
2206
2208
221
2210
2211
2213
2217
2218
2219
222
2222
2225
223
2230
2231
2232
2235
2238
224
2248
2249
225
2251
2253
226
2261
2262
2263
2264
2266
2268
2269
227
2271
2272
2273
2275
2278
2279
228
2280
2281
2282
2283
2284
2285
2286
229
2290
2291
2293
2294
2295
2296
2297
2298
2299
23
230
2300
2303
2304
2309
231
2310
2311
2312
2315
2317
2318
2319
232
2320
2323
233
2333
2334
2336
2337
234
2340
2344
2347
2349
235
2351
2353
2354
2357
2358
2359
236
2360
2361
2362
2363
2364
2366
2367
2368
2369
237
2370
2373
2374
2377
2378
2379
238
2381
2382
2383
2384
2385
2386
2387
2388
239
2393
2395
2398
2399
24
240
2400
2402
2403
2404
2405
2406
2409
241
2410
2412
2414
2416
2417
2418
242
2423
2425
243
2433
2434
2437
244
2440
2441
2442
2443
2444
2445
2449
245
2450
2451
2452
2453
2454
2456
2457
2458
2459
246
2460
2463
2465
2466
2467
2469
247
2470
2471
2472
2474
2476
2479
248
2480
2483
2485
2488
2489
249
2494
2496
2498
2499
25
250
2500
2503
2504
2506
2507
251
2510
2512
2515
2516
2519
252
2521
2523
2524
2525
2528
2529
253
2530
2532
2533
2535
2538
2539
254
2540
2541
2542
2543
2544
2545
2546
2548
2549
255
2550
2551
2553
2554
2555
2558
256
2560
2561
2566
2569
257
2571
2572
2574
2575
2576
2577
258
2581
2583
2584
2587
2588
259
2590
2593
2594
2596
2597
2598
26
260
2600
2601
2602
2606
2608
2609
261
2611
2612
2613
2614
2616
262
2620
2621
2622
2623
2624
2627
2628
263
2630
2631
2632
2633
2634
2635
2636
2637
2639
264
2640
2643
2644
2645
2646
2648
265
2656
2657
2658
2659
266
2660
2662
2663
2664
267
2673
268
2681
2683
2684
2686
269
2692
2693
2695
2699
27
270
2701
2702
2703
2704
2705
2707
2709
271
2710
2711
2712
2713
2714
2715
2716
2719
272
2720
2722
2724
2725
2726
2727
2729
273
2730
2731
2732
2733
2734
2739
274
2741
2742
2745
2747
2749
275
2750
2751
2752
2753
2755
2757
2758
2759
276
2761
2763
2765
2767
2768
2769
277
2771
2773
2774
2775
2776
2779
278
2780
2781
2782
2784
2786
2787
2788
2789
279
2790
2792
2794
2795
2796
28
280
2801
2803
2804
2806
2807
2808
2809
281
2810
2811
2812
2813
2814
2816
2817
2818
282
2820
2821
2825
2829
283
2834
2835
2836
2837
2839
284
2840
2844
2847
285
2850
2851
2852
2854
286
2860
2862
2864
287
2870
2871
2873
2874
2875
2876
2877
2878
2879
288
2880
2884
2886
2888
2889
289
2890
2891
2894
2896
2899
29
290
2900
2901
2902
2905
2906
2907
291
2917
292
2926
2927
293
2932
294
2948
295
2951
2956
296
2961
2963
2964
2965
2968
2969
297
2970
2971
2972
2974
2975
2976
2979
298
2980
2982
2984
2985
2987
2988
299
2991
2992
2995
2997
2999
3
30
300
3003
3009
301
302
3026
303
304
3046
3047
3048
305
3050
3053
3058
306
3061
3062
3063
3065
3067
3068
307
3070
3073
3075
3077
308
3082
309
3099
31
310
311
312
3120
313
3134
3135
3137
314
3140
3142
3144
3145
3147
3149
315
3150
3153
3154
3155
316
3168
317
3170
318
319
32
320
321
322
3220
3222
3226
3228
323
3231
3232
3233
3234
3235
3236
3237
3238
3239
324
3240
3241
3244
3245
3247
3249
325
3250
3256
326
3266
327
328
329
33
330
3307
331
3311
3312
3316
3317
3319
332
3320
3321
3323
3326
3327
333
3330
3332
3333
3334
3336
3338
334
3344
335
336
337
338
339
3394
3396
3398
34
340
3402
3403
3404
3405
3406
3408
3409
341
3411
3413
3414
3416
3419
342
3421
3422
3423
3425
3426
3428
3429
343
3430
3431
344
345
346
347
348
3480
3485
349
3491
3492
3493
3495
3499
35
350
3501
3502
3503
3504
3507
3508
3509
351
3510
3512
3513
3516
3517
354
355
356
3567
3568
3569
357
3572
3575
358
3580
3581
3584
3586
3587
3588
3589
359
3590
3591
3592
3598
3599
36
360
3600
3602
3604
361
362
363
364
365
3655
3657
3659
3660
3662
3667
3669
367
3673
3675
3676
3679
368
3680
3681
3685
3686
3691
37
370
372
374
3743
3746
3748
375
3754
3756
3757
3759
376
3760
3763
3765
3766
3767
377
3772
3774
3778
378
379
38
380
381
382
3828
3829
383
3831
3832
3833
3835
3839
384
3841
3843
3844
3846
3848
3849
385
3852
3854
3856
3858
386
3862
3864
387
388
389
39
390
391
3915
3917
3918
3919
392
3920
3924
3926
3927
3928
393
3934
3936
3938
3939
394
3940
3941
3943
3946
3947
3948
3949
395
396
397
398
399
4
40
400
401
402
403
404
405
406
407
408
409
41
410
411
412
413
414
415
416
417
418
419
42
420
421
422
423
424
425
426
427
428
429
43
430
431
432
433
434
435
436
437
438
439
44
440
441
442
443
444
445
446
447
448
449
45
450
451
453
454
455
456
457
458
46
460
461
462
463
464
465
466
467
468
469
47
470
471
472
473
474
475
476
477
478
479
48
480
481
482
483
484
485
486
487
488
489
49
490
491
492
493
494
495
496
497
498
499
5
50
500
501
502
503
504
505
506
507
508
509
51
510
511
512
513
514
515
516
518
519
52
520
521
522
523
524
525
526
527
528
529
53
530
531
532
533
534
535
536
538
539
54
540
541
542
543
544
545
546
547
548
549
55
550
551
552
553
554
555
556
557
558
559
56
560
561
562
563
564
565
566
567
568
569
57
570
571
572
573
574
575
576
577
578
579
58
580
581
582
583
584
585
586
587
588
589
59
590
591
592
593
594
595
596
597
598
599
6
60
600
601
602
603
604
605
606
607
608
609
61
610
611
612
613
614
615
616
617
618
619
62
621
622
623
624
625
627
628
629
63
630
631
632
633
634
635
636
637
638
639
64
640
641
642
643
644
645
646
647
648
65
651
652
653
654
655
656
658
659
66
660
661
662
663
664
667
668
669
67
670
671
673
674
675
677
678
679
68
680
681
682
683
684
685
686
687
688
689
69
690
691
692
693
694
695
696
697
698
7
70
700
701
702
704
706
707
708
709
71
710
711
712
713
714
715
716
717
718
719
72
720
721
722
723
724
725
726
727
728
729
73
730
731
732
733
734
735
736
738
739
74
740
741
742
743
744
745
746
747
748
749
75
750
751
752
753
754
755
756
757
758
759
76
760
761
762
763
764
765
766
767
768
769
77
770
771
772
773
774
775
776
777
778
779
78
780
781
782
783
784
785
786
788
789
79
790
791
792
793
794
795
796
797
798
799
8
80
801
802
803
804
805
806
807
808
809
81
810
811
812
813
814
815
818
82
820
822
823
824
825
826
827
828
829
83
830
831
832
834
835
836
837
838
84
840
841
843
844
845
846
847
848
849
85
851
852
854
855
856
859
86
860
862
863
864
865
866
867
868
869
87
871
872
873
874
875
876
877
878
879
88
880
881
882
883
884
885
887
888
889
89
890
891
892
894
895
896
897
898
899
9
90
900
902
903
904
905
906
907
908
91
914
915
916
917
918
919
92
920
921
923
924
925
926
928
929
93
930
931
932
933
934
935
936
939
94
940
941
942
943
944
945
947
948
949
95
950
951
952
953
954
955
956
957
958
959
96
960
961
962
963
964
966
967
968
969
97
970
971
972
973
974
975
976
977
979
98
980
982
983
984
985
986
987
988
989
99
991
992
995
997
998
999
